224517
342942
161936
174430
397598
316554
233078
115746
167791
187645
162886
291457
220308
12333
84876
418059
338960
182028
421006
193738
295770
28720
246900
173346
167355
169786
177736
266507
124361
312484
341169
205637
373106
237182
120677
164928
192135
266192
96848
251247
321608
199792
324856
183394
284378
521
366013
285774
175914
247763
390092
365717
256960
253344
414317
3076
383179
184267
314040
295947
185343
102794
251661
31260
170216
231733
240980
182874
161533
221107
255984
371942
126163
2651
205059
216132
380607
244521
266810
35677
367966
125153
124742
200680
164153
337627
276025
366161
322289
209010
332772
284083
28143
55690
157354
436217
277659
230802
413246
201808
359871
93
159675
72125
256916
291453
110327
191189
359609
229853
364073
317985
62219
12
279537
225694
68448
25613
121921
171623
163068
217372
410201
391137
155821
37111
310873
271055
310100
236457
42
40834
122515
170042
227935
264220
146021
18602
4098
203993
73439
396790
269385
172386
36218
163412
43015
102680
218417
12493
144733
391163
205896
429293
175640
196340
254640
175155
325494
198928
233371
178900
180263
189932
172287
220877
463
258779
304783
235802
30549
132531
118048
147020
209418
266524
14996
161970
358661
263918
268864
262712
249259
400602
271324
77423
274364
34635
328871
294484
148949
308765
281259
296151
271896
364011
82222
146652
127023
2511
244522
54043
103885
316377
283948
265188
233398
329082
350184
233867
283355
339789
420033
314491
332686
43111
188920
356080
374173
9609
10630
227224
118
199561
242302
416851
256680
342070
104162
39463
25021
299659
300531
155426
188
128882
103343
822
31627
287954
282524
17133
148228
70149
171131
104006
123260
269207
215
14105
150376
285967
241451
293014
385761
367220
9209
7854
165722
91
182631
400366
245638
306735
188834
367150
260605
295486
283155
54998
329839
126042
223040
224037
146886
232832
295895
195421
21050
221194
129437
375459
158600
3
351913
192291
232405
176189
199478
156129
318977
176494
19857
150145
274637
286096
169426
224783
311193
156546
300322
284189
555
323612
270633
198994
297562
228341
194655
329500
9216
421
277085
20551
109276
31481
19777
128621
230253
400314
356123
244271
284653
370591
349067
331106
127060
291572
204583
760
298047
140620
27708
2655
206718
318184
246784
305096
144344
223321
262211
27833
50
239188
350316
139976
342810
46213
108745
92828
385529
332800
146508
172
257499
160477
111341
302723
350933
5
333255
295374
155068
276182
66589
129622
176734
308119
24181
319966
97207
345972
446497
260180
2653
311988
47
38453
54
63888
184921
379078
234277
209685
22545
411567
136888
227789
143693
155873
163967
245655
354934
202426
154203
301880
336986
188866
54138
181279
336382
187617
93260
40692
285192
318084
48726
219650
271601
59294
203420
246192
304420
21241
25292
172081
345584
384213
247367
219513
434654
172818
274638
39856
193037
77130
176920
368173
128271
372
297030
397385
140934
40354
45315
59959
13122
70919
155987
351040
8217
199042
246684
181304
245934
90137
334986
319910
357563
146439
195539
417197
119890
37046
315767
303057
318182
41114
408180
334590
171
436126
269210
24480
25554
552
244711
163745
284742
260428
290484
177478
206480
386368
385610
234487
15987
365258
39683
9217
250458
192458
335764
322708
234
222509
342900
367498
343905
92415
70323
194594
352515
286751
318243
236191
101721
368305
367041
258210
315610
381297
198773
379629
316412
128671
31594
298069
454103
256226
215311
21348
328565
356033
33160
34219
420087
293141
292375
265736
1
166669
138161
151347
144592
150
262543
71
325635
220
355093
156858
182134
66188
503
229220
338834
100901
186751
17392
170771
353288
251658
27162
381248
11
54625
18833
154809
204305
55670
62222
192153
12942
161614
158899
144189
124708
40765
216600
404431
359438
205398
264241
307002
295564
63628
175095
383607
11170
290359
96913
36932
269144
121
256952
215341
243
283393
66362
353545
239942
176396
293296
79828
422732
478
242705
194607
169427
43570
15062
256730
290236
180974
98778
20437
270844
274960
5404
226522
136063
340466
233312
137408
162082
21790
25417
157969
193042
6249
150658
83330
13
266830
240196
348450
191862
371433
17226
336794
117959
105134
318009
371330
406652
712
245654
156009
284435
232414
142379
9674
197376
387866
84419
144797
424219
177639
218074
28023
153938
252328
196326
97786
62227
31999
91312
31730
415776
18
280794
425549
128996
146791
245961
133473
170624
262215
17405
181530
296237
125618
171668
170561
183251
341945
119506
172308
346965
97842
307305
432
163968
127398
264055
90419
147949
284777
2346
206941
248490
221965
15985
362944
27173
133848
102652
256999
4390
65781
328866
22827
475
15363
213460
304051
265402
346501
34119
105551
95527
151022
380619
699
232043
281655
27746
347703
237179
216734
133038
131357
345868
42215
36553
193949
46
130960
354570
266121
337765
42052
244115
269511
363247
128780
159508
5782
369880
355483
23540
58421
111799
291845
298383
875
190082
329551
370913
286063
192836
141572
440540
298231
39351
244114
403441
270673
9625
153016
2398
224710
140603
30869
135779
113924
123123
399941
328479
334065
273330
6472
13004
41
39938
10547
37904
143519
160010
262941
347305
306040
135219
258036
155703
368061
42776
107529
180593
171499
326494
1353
24508
361545
204472
174785
3685
209778
233247
100423
300905
270239
169255
306881
3201
300300
283864
444481
316624
21763
205359
266164
163839
218603
202670
214880
163166
346703
338957
296912
212445
121408
69789
132018
279613
193558
424981
29603
2955
113294
283863
254708
249381
242639
1513
220517
148729
88
284760
231581
180511
357873
301255
183840
318560
434906
123540
422541
331787
198953
71721
167400
267609
241590
30380
58281
358320
119432
1465
7717
363307
156336
50750
394106
244608
20100
154825
168584
367518
299169
257501
213893
280480
45
183562
70512
238799
126792
358737
146278
483
203416
373600
143741
270970
165401
256788
299684
281442
351817
316546
223770
20963
232219
121288
158435
303731
255692
2453
15512
143515
134726
40628
73761
11825
168435
72321
372559
314503
242574
264052
382843
244331
226320
393672
393325
21882
407297
241724
16747
253499
441696
342444
162007
352418
447243
51
65532
244228
218333
155624
87890
276498
387780
173064
181521
8125
313889
300877
15364
169654
150997
393429
22345
160495
9823
68425
214029
332290
73171
214887
181687
198740
385331
204516
220520
256382
251678
200147
338760
116998
47185
218121
31563
256570
359970
239472
201825
294612
198830
3307
231218
161417
249277
271319
254386
285984
156943
194879
179172
203417
234477
55600
171273
387378
43528
277700
175117
402676
354544
377470
272739
281549
2163
131260
162286
329845
170416
217780
270314
393333
131287
297129
173442
56692
160499
275467
30645
267319
